x	 y	 NICS
-3.	 -3.	 1.8195
-3.	 -2.8	 1.9485
-3.	 -2.6	 2.0611
-3.	 -2.4	 2.142
-3.	 -2.2	 2.1745
-3.	 -2.	 2.1479
-3.	 -1.8	 2.0687
-3.	 -1.6	 1.9723
-3.	 -1.4	 1.9224
-3.	 -1.2	 1.9884
-3.	 -1.	 2.2083
-3.	 -0.8	 2.5604
-3.	 -0.6	 2.9696
-3.	 -0.4	 3.3415
-3.	 -0.2	 3.5966
-3.	 0.	 3.6868
-3.	 0.2	 3.5966
-3.	 0.4	 3.3415
-3.	 0.6	 2.9696
-3.	 0.8	 2.5604
-3.	 1.	 2.2083
-3.	 1.2	 1.9884
-3.	 1.4	 1.9224
-3.	 1.6	 1.9723
-3.	 1.8	 2.0687
-3.	 2.	 2.1479
-3.	 2.2	 2.1745
-3.	 2.4	 2.142
-3.	 2.6	 2.0611
-3.	 2.8	 1.9485
-3.	 3.	 1.8195
-2.8	 -3.	 1.9655
-2.8	 -2.8	 2.1039
-2.8	 -2.6	 2.215
-2.8	 -2.4	 2.273
-2.8	 -2.2	 2.2471
-2.8	 -2.	 2.1126
-2.8	 -1.8	 1.8719
-2.8	 -1.6	 1.5799
-2.8	 -1.4	 1.351
-2.8	 -1.2	 1.3233
-2.8	 -1.	 1.5824
-2.8	 -0.8	 2.0988
-2.8	 -0.6	 2.738
-2.8	 -0.4	 3.3304
-2.8	 -0.2	 3.7381
-2.8	 0.	 3.8822
-2.8	 0.2	 3.7381
-2.8	 0.4	 3.3304
-2.8	 0.6	 2.738
-2.8	 0.8	 2.0988
-2.8	 1.	 1.5824
-2.8	 1.2	 1.3233
-2.8	 1.4	 1.351
-2.8	 1.6	 1.5799
-2.8	 1.8	 1.8719
-2.8	 2.	 2.1126
-2.8	 2.2	 2.2471
-2.8	 2.4	 2.273
-2.8	 2.6	 2.215
-2.8	 2.8	 2.1039
-2.8	 3.	 1.9655
-2.6	 -3.	 2.1226
-2.6	 -2.8	 2.2729
-2.6	 -2.6	 2.3829
-2.6	 -2.4	 2.4126
-2.6	 -2.2	 2.3094
-2.6	 -2.	 2.023
-2.6	 -1.8	 1.54
-2.6	 -1.6	 0.9314
-2.6	 -1.4	 0.3834
-2.6	 -1.2	 0.1478
-2.6	 -1.	 0.4002
-2.6	 -0.8	 1.1098
-2.6	 -0.6	 2.0521
-2.6	 -0.4	 2.9419
-2.6	 -0.2	 3.5557
-2.6	 0.	 3.7722
-2.6	 0.2	 3.5557
-2.6	 0.4	 2.9419
-2.6	 0.6	 2.0521
-2.6	 0.8	 1.1098
-2.6	 1.	 0.4002
-2.6	 1.2	 0.1478
-2.6	 1.4	 0.3834
-2.6	 1.6	 0.9314
-2.6	 1.8	 1.54
-2.6	 2.	 2.023
-2.6	 2.2	 2.3094
-2.6	 2.4	 2.4126
-2.6	 2.6	 2.3829
-2.6	 2.8	 2.2729
-2.6	 3.	 2.1226
-2.4	 -3.	 2.2926
-2.4	 -2.8	 2.4604
-2.4	 -2.6	 2.5758
-2.4	 -2.4	 2.5815
-2.4	 -2.2	 2.3963
-2.4	 -2.	 1.9314
-2.4	 -1.8	 1.1378
-2.4	 -1.6	 0.0883
-2.4	 -1.4	 -0.9507
-2.4	 -1.2	 -1.5686
-2.4	 -1.	 -1.4429
-2.4	 -0.8	 -0.5824
-2.4	 -0.6	 0.6769
-2.4	 -0.4	 1.8953
-2.4	 -0.2	 2.7381
-2.4	 0.	 3.0345
-2.4	 0.2	 2.7381
-2.4	 0.4	 1.8953
-2.4	 0.6	 0.6769
-2.4	 0.8	 -0.5824
-2.4	 1.	 -1.4429
-2.4	 1.2	 -1.5686
-2.4	 1.4	 -0.9507
-2.4	 1.6	 0.0883
-2.4	 1.8	 1.1378
-2.4	 2.	 1.9314
-2.4	 2.2	 2.3963
-2.4	 2.4	 2.5815
-2.4	 2.6	 2.5758
-2.4	 2.8	 2.4604
-2.4	 3.	 2.2926
-2.2	 -3.	 2.4756
-2.2	 -2.8	 2.6697
-2.2	 -2.6	 2.8036
-2.2	 -2.4	 2.8031
-2.2	 -2.2	 2.5551
-2.2	 -2.	 1.9223
-2.2	 -1.8	 0.8008
-2.2	 -1.6	 -0.763
-2.2	 -1.4	 -2.4431
-2.2	 -1.2	 -3.6594
-2.2	 -1.	 -3.8932
-2.2	 -0.8	 -3.0772
-2.2	 -0.6	 -1.6404
-2.2	 -0.4	 -0.1878
-2.2	 -0.2	 0.8246
-2.2	 0.	 1.18
-2.2	 0.2	 0.8246
-2.2	 0.4	 -0.1878
-2.2	 0.6	 -1.6404
-2.2	 0.8	 -3.0772
-2.2	 1.	 -3.8932
-2.2	 1.2	 -3.6594
-2.2	 1.4	 -2.4431
-2.2	 1.6	 -0.763
-2.2	 1.8	 0.8008
-2.2	 2.	 1.9223
-2.2	 2.2	 2.5551
-2.2	 2.4	 2.8031
-2.2	 2.6	 2.8036
-2.2	 2.8	 2.6697
-2.2	 3.	 2.4756
-2.	 -3.	 2.6671
-2.	 -2.8	 2.8971
-2.	 -2.6	 3.0668
-2.	 -2.4	 3.0882
-2.	 -2.2	 2.8192
-2.	 -2.	 2.0725
-2.	 -1.8	 0.6768
-2.	 -1.6	 -1.3801
-2.	 -1.4	 -3.7694
-2.	 -1.2	 -5.7938
-2.	 -1.	 -6.7313
-2.	 -0.8	 -6.362
-2.	 -0.6	 -5.1237
-2.	 -0.4	 -3.7366
-2.	 -0.2	 -2.7482
-2.	 0.	 -2.4009
-2.	 0.2	 -2.7482
-2.	 0.4	 -3.7366
-2.	 0.6	 -5.1237
-2.	 0.8	 -6.362
-2.	 1.	 -6.7313
-2.	 1.2	 -5.7938
-2.	 1.4	 -3.7694
-2.	 1.6	 -1.3801
-2.	 1.8	 0.6768
-2.	 2.	 2.0725
-2.	 2.2	 2.8192
-2.	 2.4	 3.0882
-2.	 2.6	 3.0668
-2.	 2.8	 2.8971
-2.	 3.	 2.6671
-1.8	 -3.	 2.8545
-1.8	 -2.8	 3.1265
-1.8	 -2.6	 3.3461
-1.8	 -2.4	 3.4166
-1.8	 -2.2	 3.1732
-1.8	 -2.	 2.3842
-1.8	 -1.8	 0.8093
-1.8	 -1.6	 -1.6488
-1.8	 -1.4	 -4.728
-1.8	 -1.2	 -7.7121
-1.8	 -1.	 -9.7275
-1.8	 -0.8	 -10.3474
-1.8	 -0.6	 -9.8927
-1.8	 -0.4	 -9.0712
-1.8	 -0.2	 -8.4322
-1.8	 0.	 -8.204
-1.8	 0.2	 -8.4322
-1.8	 0.4	 -9.0712
-1.8	 0.6	 -9.8927
-1.8	 0.8	 -10.3474
-1.8	 1.	 -9.7275
-1.8	 1.2	 -7.7121
-1.8	 1.4	 -4.728
-1.8	 1.6	 -1.6488
-1.8	 1.8	 0.8093
-1.8	 2.	 2.3842
-1.8	 2.2	 3.1732
-1.8	 2.4	 3.4166
-1.8	 2.6	 3.3461
-1.8	 2.8	 3.1265
-1.8	 3.	 2.8545
-1.6	 -3.	 3.0146
-1.6	 -2.8	 3.324
-1.6	 -2.6	 3.5934
-1.6	 -2.4	 3.7215
-1.6	 -2.2	 3.5259
-1.6	 -2.	 2.7363
-1.6	 -1.8	 1.0457
-1.6	 -1.6	 -1.7406
-1.6	 -1.4	 -5.4724
-1.6	 -1.2	 -9.4956
-1.6	 -1.	 -12.8621
-1.6	 -0.8	 -14.94
-1.6	 -0.6	 -15.8304
-1.6	 -0.4	 -16.0728
-1.6	 -0.2	 -16.1022
-1.6	 0.	 -16.0988
-1.6	 0.2	 -16.1022
-1.6	 0.4	 -16.0728
-1.6	 0.6	 -15.8304
-1.6	 0.8	 -14.94
-1.6	 1.	 -12.8621
-1.6	 1.2	 -9.4956
-1.6	 1.4	 -5.4724
-1.6	 1.6	 -1.7406
-1.6	 1.8	 1.0457
-1.6	 2.	 2.7363
-1.6	 2.2	 3.5259
-1.6	 2.4	 3.7215
-1.6	 2.6	 3.5934
-1.6	 2.8	 3.324
-1.6	 3.	 3.0146
-1.4	 -3.	 3.1115
-1.4	 -2.8	 3.4343
-1.4	 -2.6	 3.7268
-1.4	 -2.4	 3.8848
-1.4	 -2.2	 3.7089
-1.4	 -2.	 2.8892
-1.4	 -1.8	 1.051
-1.4	 -1.6	 -2.097
-1.4	 -1.4	 -6.5144
-1.4	 -1.2	 -11.6153
-1.4	 -1.	 -16.4006
-1.4	 -0.8	 -20.0513
-1.4	 -0.6	 -22.4188
-1.4	 -0.4	 -23.8167
-1.4	 -0.2	 -24.5483
-1.4	 0.	 -24.7745
-1.4	 0.2	 -24.5483
-1.4	 0.4	 -23.8167
-1.4	 0.6	 -22.4188
-1.4	 0.8	 -20.0513
-1.4	 1.	 -16.4006
-1.4	 1.2	 -11.6153
-1.4	 1.4	 -6.5144
-1.4	 1.6	 -2.097
-1.4	 1.8	 1.051
-1.4	 2.	 2.8892
-1.4	 2.2	 3.7089
-1.4	 2.4	 3.8848
-1.4	 2.6	 3.7268
-1.4	 2.8	 3.4343
-1.4	 3.	 3.1115
-1.2	 -3.	 3.0971
-1.2	 -2.8	 3.3809
-1.2	 -2.6	 3.6318
-1.2	 -2.4	 3.7436
-1.2	 -2.2	 3.4988
-1.2	 -2.	 2.542
-1.2	 -1.8	 0.4244
-1.2	 -1.6	 -3.2321
-1.2	 -1.4	 -8.448
-1.2	 -1.2	 -14.6194
-1.2	 -1.	 -20.6151
-1.2	 -0.8	 -25.4067
-1.2	 -0.6	 -28.661
-1.2	 -0.4	 -30.6198
-1.2	 -0.2	 -31.6302
-1.2	 0.	 -31.9365
-1.2	 0.2	 -31.6302
-1.2	 0.4	 -30.6198
-1.2	 0.6	 -28.661
-1.2	 0.8	 -25.4067
-1.2	 1.	 -20.6151
-1.2	 1.2	 -14.6194
-1.2	 1.4	 -8.448
-1.2	 1.6	 -3.2321
-1.2	 1.8	 0.4244
-1.2	 2.	 2.542
-1.2	 2.2	 3.4988
-1.2	 2.4	 3.7436
-1.2	 2.6	 3.6318
-1.2	 2.8	 3.3809
-1.2	 3.	 3.0971
-1.	 -3.	 2.919
-1.	 -2.8	 3.0768
-1.	 -2.6	 3.1756
-1.	 -2.4	 3.1136
-1.	 -2.2	 2.6603
-1.	 -2.	 1.4149
-1.	 -1.8	 -1.1475
-1.	 -1.6	 -5.4701
-1.	 -1.4	 -11.5498
-1.	 -1.2	 -18.616
-1.	 -1.	 -25.2767
-1.	 -0.8	 -30.2981
-1.	 -0.6	 -33.3461
-1.	 -0.4	 -34.8811
-1.	 -0.2	 -35.5268
-1.	 0.	 -35.6962
-1.	 0.2	 -35.5268
-1.	 0.4	 -34.8811
-1.	 0.6	 -33.3461
-1.	 0.8	 -30.2981
-1.	 1.	 -25.2767
-1.	 1.2	 -18.616
-1.	 1.4	 -11.5498
-1.	 1.6	 -5.4701
-1.	 1.8	 -1.1475
-1.	 2.	 1.4149
-1.	 2.2	 2.6603
-1.	 2.4	 3.1136
-1.	 2.6	 3.1756
-1.	 2.8	 3.0768
-1.	 3.	 2.919
-0.8	 -3.	 2.5419
-0.8	 -2.8	 2.4557
-0.8	 -2.6	 2.2509
-0.8	 -2.4	 1.8449
-0.8	 -2.2	 1.0171
-0.8	 -2.	 -0.6583
-0.8	 -1.8	 -3.7655
-0.8	 -1.6	 -8.7758
-0.8	 -1.4	 -15.5691
-0.8	 -1.2	 -23.0773
-0.8	 -1.	 -29.6032
-0.8	 -0.8	 -33.8537
-0.8	 -0.6	 -35.7498
-0.8	 -0.4	 -36.1592
-0.8	 -0.2	 -36.0363
-0.8	 0.	 -35.9404
-0.8	 0.2	 -36.0363
-0.8	 0.4	 -36.1592
-0.8	 0.6	 -35.7498
-0.8	 0.8	 -33.8537
-0.8	 1.	 -29.6032
-0.8	 1.2	 -23.0773
-0.8	 1.4	 -15.5691
-0.8	 1.6	 -8.7758
-0.8	 1.8	 -3.7655
-0.8	 2.	 -0.6583
-0.8	 2.2	 1.0171
-0.8	 2.4	 1.8449
-0.8	 2.6	 2.2509
-0.8	 2.8	 2.4557
-0.8	 3.	 2.5419
-0.6	 -3.	 1.983
-0.6	 -2.8	 1.5313
-0.6	 -2.6	 0.8624
-0.6	 -2.4	 -0.0639
-0.6	 -2.2	 -1.4176
-0.6	 -2.	 -3.6032
-0.6	 -1.8	 -7.2202
-0.6	 -1.6	 -12.7277
-0.6	 -1.4	 -19.8431
-0.6	 -1.2	 -27.1816
-0.6	 -1.	 -32.8427
-0.6	 -0.8	 -35.7053
-0.6	 -0.6	 -36.1167
-0.6	 -0.4	 -35.3172
-0.6	 -0.2	 -34.4448
-0.6	 0.	 -34.0999
-0.6	 0.2	 -34.4448
-0.6	 0.4	 -35.3172
-0.6	 0.6	 -36.1167
-0.6	 0.8	 -35.7053
-0.6	 1.	 -32.8427
-0.6	 1.2	 -27.1816
-0.6	 1.4	 -19.8431
-0.6	 1.6	 -12.7277
-0.6	 1.8	 -7.2202
-0.6	 2.	 -3.6032
-0.6	 2.2	 -1.4176
-0.6	 2.4	 -0.0639
-0.6	 2.6	 0.8624
-0.6	 2.8	 1.5313
-0.6	 3.	 1.983
-0.4	 -3.	 1.3481
-0.4	 -2.8	 0.4654
-0.4	 -2.6	 -0.7618
-0.4	 -2.4	 -2.3097
-0.4	 -2.2	 -4.2569
-0.4	 -2.	 -6.9332
-0.4	 -1.8	 -10.8978
-0.4	 -1.6	 -16.5735
-0.4	 -1.4	 -23.5579
-0.4	 -1.2	 -30.2616
-0.4	 -1.	 -34.7448
-0.4	 -0.8	 -36.1927
-0.4	 -0.6	 -35.3603
-0.4	 -0.4	 -33.6925
-0.4	 -0.2	 -32.3333
-0.4	 0.	 -31.8336
-0.4	 0.2	 -32.3333
-0.4	 0.4	 -33.6925
-0.4	 0.6	 -35.3603
-0.4	 0.8	 -36.1927
-0.4	 1.	 -34.7448
-0.4	 1.2	 -30.2616
-0.4	 1.4	 -23.5579
-0.4	 1.6	 -16.5735
-0.4	 1.8	 -10.8978
-0.4	 2.	 -6.9332
-0.4	 2.2	 -4.2569
-0.4	 2.4	 -2.3097
-0.4	 2.6	 -0.7618
-0.4	 2.8	 0.4654
-0.4	 3.	 1.3481
-0.2	 -3.	 0.8286
-0.2	 -2.8	 -0.4205
-0.2	 -2.6	 -2.1304
-0.2	 -2.4	 -4.2142
-0.2	 -2.2	 -6.6538
-0.2	 -2.	 -9.6867
-0.2	 -1.8	 -13.8055
-0.2	 -1.6	 -19.3976
-0.2	 -1.4	 -26.0254
-0.2	 -1.2	 -32.0417
-0.2	 -1.	 -35.5627
-0.2	 -0.8	 -36.0313
-0.2	 -0.6	 -34.4552
-0.2	 -0.4	 -32.3388
-0.2	 -0.2	 -30.756
-0.2	 0.	 -30.1894
-0.2	 0.2	 -30.756
-0.2	 0.4	 -32.3388
-0.2	 0.6	 -34.4552
-0.2	 0.8	 -36.0313
-0.2	 1.	 -35.5627
-0.2	 1.2	 -32.0417
-0.2	 1.4	 -26.0254
-0.2	 1.6	 -19.3976
-0.2	 1.8	 -13.8055
-0.2	 2.	 -9.6867
-0.2	 2.2	 -6.6538
-0.2	 2.4	 -4.2142
-0.2	 2.6	 -2.1304
-0.2	 2.8	 -0.4205
-0.2	 3.	 0.8286
0.	 -3.	 0.626
0.	 -2.8	 -0.7696
0.	 -2.6	 -2.6741
0.	 -2.4	 -4.9738
0.	 -2.2	 -7.608
0.	 -2.	 -10.7714
0.	 -1.8	 -14.9234
0.	 -1.6	 -20.4374
0.	 -1.4	 -26.8778
0.	 -1.2	 -32.6005
0.	 -1.	 -35.7576
0.	 -0.8	 -35.8867
0.	 -0.6	 -34.0746
0.	 -0.4	 -31.8297
0.	 -0.2	 -30.1892
0.	 0.	 -29.6064
0.	 0.2	 -30.1892
0.	 0.4	 -31.8297
0.	 0.6	 -34.0746
0.	 0.8	 -35.8867
0.	 1.	 -35.7576
0.	 1.2	 -32.6005
0.	 1.4	 -26.8778
0.	 1.6	 -20.4374
0.	 1.8	 -14.9234
0.	 2.	 -10.7714
0.	 2.2	 -7.608
0.	 2.4	 -4.9738
0.	 2.6	 -2.6741
0.	 2.8	 -0.7696
0.	 3.	 0.626
0.2	 -3.	 0.8286
0.2	 -2.8	 -0.4205
0.2	 -2.6	 -2.1304
0.2	 -2.4	 -4.2142
0.2	 -2.2	 -6.6538
0.2	 -2.	 -9.6867
0.2	 -1.8	 -13.8055
0.2	 -1.6	 -19.3976
0.2	 -1.4	 -26.0254
0.2	 -1.2	 -32.0417
0.2	 -1.	 -35.5627
0.2	 -0.8	 -36.0313
0.2	 -0.6	 -34.4552
0.2	 -0.4	 -32.3388
0.2	 -0.2	 -30.756
0.2	 0.	 -30.1894
0.2	 0.2	 -30.756
0.2	 0.4	 -32.3388
0.2	 0.6	 -34.4552
0.2	 0.8	 -36.0313
0.2	 1.	 -35.5627
0.2	 1.2	 -32.0417
0.2	 1.4	 -26.0254
0.2	 1.6	 -19.3976
0.2	 1.8	 -13.8055
0.2	 2.	 -9.6867
0.2	 2.2	 -6.6538
0.2	 2.4	 -4.2142
0.2	 2.6	 -2.1304
0.2	 2.8	 -0.4205
0.2	 3.	 0.8286
0.4	 -3.	 1.3481
0.4	 -2.8	 0.4654
0.4	 -2.6	 -0.7618
0.4	 -2.4	 -2.3097
0.4	 -2.2	 -4.2569
0.4	 -2.	 -6.9332
0.4	 -1.8	 -10.8978
0.4	 -1.6	 -16.5735
0.4	 -1.4	 -23.5579
0.4	 -1.2	 -30.2616
0.4	 -1.	 -34.7448
0.4	 -0.8	 -36.1927
0.4	 -0.6	 -35.3603
0.4	 -0.4	 -33.6925
0.4	 -0.2	 -32.3333
0.4	 0.	 -31.8336
0.4	 0.2	 -32.3333
0.4	 0.4	 -33.6925
0.4	 0.6	 -35.3603
0.4	 0.8	 -36.1927
0.4	 1.	 -34.7448
0.4	 1.2	 -30.2616
0.4	 1.4	 -23.5579
0.4	 1.6	 -16.5735
0.4	 1.8	 -10.8978
0.4	 2.	 -6.9332
0.4	 2.2	 -4.2569
0.4	 2.4	 -2.3097
0.4	 2.6	 -0.7618
0.4	 2.8	 0.4654
0.4	 3.	 1.3481
0.6	 -3.	 1.983
0.6	 -2.8	 1.5313
0.6	 -2.6	 0.8624
0.6	 -2.4	 -0.0639
0.6	 -2.2	 -1.4176
0.6	 -2.	 -3.6032
0.6	 -1.8	 -7.2202
0.6	 -1.6	 -12.7277
0.6	 -1.4	 -19.8431
0.6	 -1.2	 -27.1816
0.6	 -1.	 -32.8427
0.6	 -0.8	 -35.7053
0.6	 -0.6	 -36.1167
0.6	 -0.4	 -35.3172
0.6	 -0.2	 -34.4448
0.6	 0.	 -34.0999
0.6	 0.2	 -34.4448
0.6	 0.4	 -35.3172
0.6	 0.6	 -36.1167
0.6	 0.8	 -35.7053
0.6	 1.	 -32.8427
0.6	 1.2	 -27.1816
0.6	 1.4	 -19.8431
0.6	 1.6	 -12.7277
0.6	 1.8	 -7.2202
0.6	 2.	 -3.6032
0.6	 2.2	 -1.4176
0.6	 2.4	 -0.0639
0.6	 2.6	 0.8624
0.6	 2.8	 1.5313
0.6	 3.	 1.983
0.8	 -3.	 2.5419
0.8	 -2.8	 2.4557
0.8	 -2.6	 2.2509
0.8	 -2.4	 1.8449
0.8	 -2.2	 1.0171
0.8	 -2.	 -0.6583
0.8	 -1.8	 -3.7655
0.8	 -1.6	 -8.7758
0.8	 -1.4	 -15.5691
0.8	 -1.2	 -23.0773
0.8	 -1.	 -29.6032
0.8	 -0.8	 -33.8537
0.8	 -0.6	 -35.7498
0.8	 -0.4	 -36.1592
0.8	 -0.2	 -36.0363
0.8	 0.	 -35.9404
0.8	 0.2	 -36.0363
0.8	 0.4	 -36.1592
0.8	 0.6	 -35.7498
0.8	 0.8	 -33.8537
0.8	 1.	 -29.6032
0.8	 1.2	 -23.0773
0.8	 1.4	 -15.5691
0.8	 1.6	 -8.7758
0.8	 1.8	 -3.7655
0.8	 2.	 -0.6583
0.8	 2.2	 1.0171
0.8	 2.4	 1.8449
0.8	 2.6	 2.2509
0.8	 2.8	 2.4557
0.8	 3.	 2.5419
1.	 -3.	 2.919
1.	 -2.8	 3.0768
1.	 -2.6	 3.1756
1.	 -2.4	 3.1136
1.	 -2.2	 2.6603
1.	 -2.	 1.4149
1.	 -1.8	 -1.1475
1.	 -1.6	 -5.4701
1.	 -1.4	 -11.5498
1.	 -1.2	 -18.616
1.	 -1.	 -25.2767
1.	 -0.8	 -30.2981
1.	 -0.6	 -33.3461
1.	 -0.4	 -34.8811
1.	 -0.2	 -35.5268
1.	 0.	 -35.6962
1.	 0.2	 -35.5268
1.	 0.4	 -34.8811
1.	 0.6	 -33.3461
1.	 0.8	 -30.2981
1.	 1.	 -25.2767
1.	 1.2	 -18.616
1.	 1.4	 -11.5498
1.	 1.6	 -5.4701
1.	 1.8	 -1.1475
1.	 2.	 1.4149
1.	 2.2	 2.6603
1.	 2.4	 3.1136
1.	 2.6	 3.1756
1.	 2.8	 3.0768
1.	 3.	 2.919
1.2	 -3.	 3.0971
1.2	 -2.8	 3.3809
1.2	 -2.6	 3.6318
1.2	 -2.4	 3.7436
1.2	 -2.2	 3.4988
1.2	 -2.	 2.542
1.2	 -1.8	 0.4244
1.2	 -1.6	 -3.2321
1.2	 -1.4	 -8.448
1.2	 -1.2	 -14.6194
1.2	 -1.	 -20.6151
1.2	 -0.8	 -25.4067
1.2	 -0.6	 -28.661
1.2	 -0.4	 -30.6198
1.2	 -0.2	 -31.6302
1.2	 0.	 -31.9365
1.2	 0.2	 -31.6302
1.2	 0.4	 -30.6198
1.2	 0.6	 -28.661
1.2	 0.8	 -25.4067
1.2	 1.	 -20.6151
1.2	 1.2	 -14.6194
1.2	 1.4	 -8.448
1.2	 1.6	 -3.2321
1.2	 1.8	 0.4244
1.2	 2.	 2.542
1.2	 2.2	 3.4988
1.2	 2.4	 3.7436
1.2	 2.6	 3.6318
1.2	 2.8	 3.3809
1.2	 3.	 3.0971
1.4	 -3.	 3.1115
1.4	 -2.8	 3.4343
1.4	 -2.6	 3.7268
1.4	 -2.4	 3.8848
1.4	 -2.2	 3.7089
1.4	 -2.	 2.8892
1.4	 -1.8	 1.051
1.4	 -1.6	 -2.097
1.4	 -1.4	 -6.5144
1.4	 -1.2	 -11.6153
1.4	 -1.	 -16.4006
1.4	 -0.8	 -20.0513
1.4	 -0.6	 -22.4188
1.4	 -0.4	 -23.8167
1.4	 -0.2	 -24.5483
1.4	 0.	 -24.7745
1.4	 0.2	 -24.5483
1.4	 0.4	 -23.8167
1.4	 0.6	 -22.4188
1.4	 0.8	 -20.0513
1.4	 1.	 -16.4006
1.4	 1.2	 -11.6153
1.4	 1.4	 -6.5144
1.4	 1.6	 -2.097
1.4	 1.8	 1.051
1.4	 2.	 2.8892
1.4	 2.2	 3.7089
1.4	 2.4	 3.8848
1.4	 2.6	 3.7268
1.4	 2.8	 3.4343
1.4	 3.	 3.1115
1.6	 -3.	 3.0146
1.6	 -2.8	 3.324
1.6	 -2.6	 3.5934
1.6	 -2.4	 3.7215
1.6	 -2.2	 3.5259
1.6	 -2.	 2.7363
1.6	 -1.8	 1.0457
1.6	 -1.6	 -1.7406
1.6	 -1.4	 -5.4724
1.6	 -1.2	 -9.4956
1.6	 -1.	 -12.8621
1.6	 -0.8	 -14.94
1.6	 -0.6	 -15.8304
1.6	 -0.4	 -16.0728
1.6	 -0.2	 -16.1022
1.6	 0.	 -16.0988
1.6	 0.2	 -16.1022
1.6	 0.4	 -16.0728
1.6	 0.6	 -15.8304
1.6	 0.8	 -14.94
1.6	 1.	 -12.8621
1.6	 1.2	 -9.4956
1.6	 1.4	 -5.4724
1.6	 1.6	 -1.7406
1.6	 1.8	 1.0457
1.6	 2.	 2.7363
1.6	 2.2	 3.5259
1.6	 2.4	 3.7215
1.6	 2.6	 3.5934
1.6	 2.8	 3.324
1.6	 3.	 3.0146
1.8	 -3.	 2.8545
1.8	 -2.8	 3.1265
1.8	 -2.6	 3.3461
1.8	 -2.4	 3.4166
1.8	 -2.2	 3.1732
1.8	 -2.	 2.3842
1.8	 -1.8	 0.8093
1.8	 -1.6	 -1.6488
1.8	 -1.4	 -4.728
1.8	 -1.2	 -7.7121
1.8	 -1.	 -9.7275
1.8	 -0.8	 -10.3474
1.8	 -0.6	 -9.8927
1.8	 -0.4	 -9.0712
1.8	 -0.2	 -8.4322
1.8	 0.	 -8.204
1.8	 0.2	 -8.4322
1.8	 0.4	 -9.0712
1.8	 0.6	 -9.8927
1.8	 0.8	 -10.3474
1.8	 1.	 -9.7275
1.8	 1.2	 -7.7121
1.8	 1.4	 -4.728
1.8	 1.6	 -1.6488
1.8	 1.8	 0.8093
1.8	 2.	 2.3842
1.8	 2.2	 3.1732
1.8	 2.4	 3.4166
1.8	 2.6	 3.3461
1.8	 2.8	 3.1265
1.8	 3.	 2.8545
2.	 -3.	 2.6671
2.	 -2.8	 2.8971
2.	 -2.6	 3.0668
2.	 -2.4	 3.0882
2.	 -2.2	 2.8192
2.	 -2.	 2.0725
2.	 -1.8	 0.6768
2.	 -1.6	 -1.3801
2.	 -1.4	 -3.7694
2.	 -1.2	 -5.7938
2.	 -1.	 -6.7313
2.	 -0.8	 -6.362
2.	 -0.6	 -5.1237
2.	 -0.4	 -3.7366
2.	 -0.2	 -2.7482
2.	 0.	 -2.4009
2.	 0.2	 -2.7482
2.	 0.4	 -3.7366
2.	 0.6	 -5.1237
2.	 0.8	 -6.362
2.	 1.	 -6.7313
2.	 1.2	 -5.7938
2.	 1.4	 -3.7694
2.	 1.6	 -1.3801
2.	 1.8	 0.6768
2.	 2.	 2.0725
2.	 2.2	 2.8192
2.	 2.4	 3.0882
2.	 2.6	 3.0668
2.	 2.8	 2.8971
2.	 3.	 2.6671
2.2	 -3.	 2.4756
2.2	 -2.8	 2.6697
2.2	 -2.6	 2.8036
2.2	 -2.4	 2.8031
2.2	 -2.2	 2.5551
2.2	 -2.	 1.9223
2.2	 -1.8	 0.8008
2.2	 -1.6	 -0.763
2.2	 -1.4	 -2.4431
2.2	 -1.2	 -3.6594
2.2	 -1.	 -3.8932
2.2	 -0.8	 -3.0772
2.2	 -0.6	 -1.6404
2.2	 -0.4	 -0.1878
2.2	 -0.2	 0.8246
2.2	 0.	 1.18
2.2	 0.2	 0.8246
2.2	 0.4	 -0.1878
2.2	 0.6	 -1.6404
2.2	 0.8	 -3.0772
2.2	 1.	 -3.8932
2.2	 1.2	 -3.6594
2.2	 1.4	 -2.4431
2.2	 1.6	 -0.763
2.2	 1.8	 0.8008
2.2	 2.	 1.9223
2.2	 2.2	 2.5551
2.2	 2.4	 2.8031
2.2	 2.6	 2.8036
2.2	 2.8	 2.6697
2.2	 3.	 2.4756
2.4	 -3.	 2.2926
2.4	 -2.8	 2.4604
2.4	 -2.6	 2.5758
2.4	 -2.4	 2.5815
2.4	 -2.2	 2.3963
2.4	 -2.	 1.9314
2.4	 -1.8	 1.1378
2.4	 -1.6	 0.0883
2.4	 -1.4	 -0.9507
2.4	 -1.2	 -1.5686
2.4	 -1.	 -1.4429
2.4	 -0.8	 -0.5824
2.4	 -0.6	 0.6769
2.4	 -0.4	 1.8953
2.4	 -0.2	 2.7381
2.4	 0.	 3.0345
2.4	 0.2	 2.7381
2.4	 0.4	 1.8953
2.4	 0.6	 0.6769
2.4	 0.8	 -0.5824
2.4	 1.	 -1.4429
2.4	 1.2	 -1.5686
2.4	 1.4	 -0.9507
2.4	 1.6	 0.0883
2.4	 1.8	 1.1378
2.4	 2.	 1.9314
2.4	 2.2	 2.3963
2.4	 2.4	 2.5815
2.4	 2.6	 2.5758
2.4	 2.8	 2.4604
2.4	 3.	 2.2926
2.6	 -3.	 2.1226
2.6	 -2.8	 2.2729
2.6	 -2.6	 2.3829
2.6	 -2.4	 2.4126
2.6	 -2.2	 2.3094
2.6	 -2.	 2.023
2.6	 -1.8	 1.54
2.6	 -1.6	 0.9314
2.6	 -1.4	 0.3834
2.6	 -1.2	 0.1478
2.6	 -1.	 0.4002
2.6	 -0.8	 1.1098
2.6	 -0.6	 2.0521
2.6	 -0.4	 2.9419
2.6	 -0.2	 3.5557
2.6	 0.	 3.7722
2.6	 0.2	 3.5557
2.6	 0.4	 2.9419
2.6	 0.6	 2.0521
2.6	 0.8	 1.1098
2.6	 1.	 0.4002
2.6	 1.2	 0.1478
2.6	 1.4	 0.3834
2.6	 1.6	 0.9314
2.6	 1.8	 1.54
2.6	 2.	 2.023
2.6	 2.2	 2.3094
2.6	 2.4	 2.4126
2.6	 2.6	 2.3829
2.6	 2.8	 2.2729
2.6	 3.	 2.1226
2.8	 -3.	 1.9655
2.8	 -2.8	 2.1039
2.8	 -2.6	 2.215
2.8	 -2.4	 2.273
2.8	 -2.2	 2.2471
2.8	 -2.	 2.1126
2.8	 -1.8	 1.8719
2.8	 -1.6	 1.5799
2.8	 -1.4	 1.351
2.8	 -1.2	 1.3233
2.8	 -1.	 1.5824
2.8	 -0.8	 2.0988
2.8	 -0.6	 2.738
2.8	 -0.4	 3.3304
2.8	 -0.2	 3.7381
2.8	 0.	 3.8822
2.8	 0.2	 3.7381
2.8	 0.4	 3.3304
2.8	 0.6	 2.738
2.8	 0.8	 2.0988
2.8	 1.	 1.5824
2.8	 1.2	 1.3233
2.8	 1.4	 1.351
2.8	 1.6	 1.5799
2.8	 1.8	 1.8719
2.8	 2.	 2.1126
2.8	 2.2	 2.2471
2.8	 2.4	 2.273
2.8	 2.6	 2.215
2.8	 2.8	 2.1039
2.8	 3.	 1.9655
3.	 -3.	 1.8195
3.	 -2.8	 1.9485
3.	 -2.6	 2.0611
3.	 -2.4	 2.142
3.	 -2.2	 2.1745
3.	 -2.	 2.1479
3.	 -1.8	 2.0687
3.	 -1.6	 1.9723
3.	 -1.4	 1.9224
3.	 -1.2	 1.9884
3.	 -1.	 2.2083
3.	 -0.8	 2.5604
3.	 -0.6	 2.9696
3.	 -0.4	 3.3415
3.	 -0.2	 3.5966
3.	 0.	 3.6868
3.	 0.2	 3.5966
3.	 0.4	 3.3415
3.	 0.6	 2.9696
3.	 0.8	 2.5604
3.	 1.	 2.2083
3.	 1.2	 1.9884
3.	 1.4	 1.9224
3.	 1.6	 1.9723
3.	 1.8	 2.0687
3.	 2.	 2.1479
3.	 2.2	 2.1745
3.	 2.4	 2.142
3.	 2.6	 2.0611
3.	 2.8	 1.9485
3.	 3.	 1.8195
